MTry	OverlapUnsupRfPlink	OverlapSupRfPlink
1	0.13	0.11
2	0.09	0.24
3	0.07	0.25
4	0.05	0.34
5	0.11	0.28
6	0.07	0.36
7	0.12	0.32
8	0.06	0.35
9	0.15	0.38
10	0.06	0.35
11	0.13	0.41
12	0.09	0.36
13	0.1	0.43
14	0.11	0.42
15	0.07	0.45
16	0.07	0.45
17	0.07	0.45
18	0.11	0.44
19	0.14	0.43
20	0.08	0.46
21	0.12	0.42
22	0.06	0.47
23	0.09	0.45
24	0.12	0.5
25	0.09	0.5
26	0.14	0.45
27	0.11	0.52
28	0.08	0.45
29	0.08	0.48
30	0.09	0.45
31	0.08	0.48
32	0.06	0.51
33	0.12	0.48
34	0.1	0.48
35	0.08	0.57
36	0.09	0.48
37	0.1	0.52
38	0.09	0.52
39	0.1	0.47
40	0.08	0.53
41	0.07	0.53
42	0.13	0.5
43	0.06	0.53
44	0.08	0.53
45	0.08	0.55
46	0.1	0.55
47	0.1	0.57
48	0.11	0.53
49	0.1	0.49
50	0.1	0.55
51	0.13	0.54
52	0.07	0.53
53	0.09	0.59
54	0.08	0.53
55	0.08	0.54
56	0.06	0.58
57	0.07	0.55
58	0.16	0.58
59	0.08	0.57
60	0.08	0.53
61	0.09	0.56
62	0.11	0.55
63	0.09	0.54
64	0.06	0.54
65	0.1	0.58
66	0.12	0.52
67	0.09	0.54
68	0.08	0.54
69	0.1	0.6
70	0.12	0.6
71	0.09	0.6
72	0.06	0.57
73	0.11	0.57
74	0.12	0.58
75	0.1	0.61
76	0.14	0.55
77	0.11	0.54
78	0.07	0.55
79	0.08	0.58
80	0.09	0.56
81	0.06	0.6
82	0.12	0.55
83	0.13	0.58
84	0.11	0.53
85	0.09	0.54
86	0.09	0.6
87	0.08	0.57
88	0.09	0.58
89	0.08	0.56
90	0.09	0.58
91	0.11	0.59
92	0.11	0.61
93	0.13	0.64
94	0.1	0.58
95	0.07	0.59
96	0.11	0.59
97	0.13	0.61
98	0.12	0.62
99	0.14	0.58
100	0.06	0.57
101	0.1	0.6
102	0.08	0.61
103	0.08	0.58
104	0.12	0.57
105	0.14	0.57
106	0.1	0.57
107	0.08	0.61
108	0.12	0.56
109	0.11	0.58
110	0.12	0.59
111	0.09	0.6
112	0.1	0.57
113	0.07	0.58
114	0.1	0.58
115	0.09	0.61
116	0.1	0.63
117	0.1	0.58
118	0.11	0.62
119	0.08	0.62
120	0.06	0.59
121	0.08	0.59
122	0.09	0.57
123	0.09	0.59
124	0.08	0.6
125	0.09	0.59
126	0.09	0.62
127	0.1	0.57
128	0.08	0.65
129	0.07	0.56
130	0.09	0.59
131	0.12	0.58
132	0.09	0.53
133	0.14	0.57
134	0.09	0.58
135	0.07	0.6
136	0.14	0.6
137	0.06	0.59
138	0.12	0.58
139	0.11	0.61
140	0.11	0.59
141	0.1	0.57
142	0.09	0.59
143	0.1	0.64
144	0.11	0.64
145	0.09	0.58
146	0.1	0.6
147	0.12	0.59
148	0.07	0.63
149	0.15	0.62
150	0.09	0.62
151	0.09	0.61
152	0.12	0.62
153	0.12	0.58
154	0.11	0.6
155	0.07	0.57
156	0.1	0.6
157	0.11	0.65
158	0.09	0.61
159	0.13	0.53
160	0.11	0.56
161	0.08	0.64
162	0.13	0.59
163	0.14	0.63
164	0.11	0.6
165	0.13	0.61
166	0.09	0.56
167	0.11	0.61
168	0.08	0.64
169	0.11	0.61
170	0.11	0.63
171	0.1	0.63
172	0.11	0.6
173	0.1	0.59
174	0.08	0.6
175	0.12	0.59
176	0.12	0.63
177	0.1	0.62
178	0.09	0.66
179	0.13	0.55
180	0.06	0.58
181	0.09	0.6
182	0.13	0.61
183	0.07	0.59
184	0.1	0.65
185	0.12	0.61
186	0.09	0.67
187	0.1	0.58
188	0.09	0.58
189	0.13	0.62
190	0.09	0.62
191	0.08	0.66
192	0.12	0.6
193	0.17	0.58
194	0.09	0.64
195	0.1	0.65
196	0.1	0.6
197	0.1	0.6
198	0.13	0.6
199	0.14	0.58
200	0.09	0.59
201	0.11	0.61
202	0.12	0.55
203	0.12	0.59
204	0.13	0.61
205	0.12	0.6
206	0.13	0.6
207	0.11	0.58
208	0.06	0.6
209	0.13	0.58
210	0.09	0.6
211	0.09	0.56
212	0.08	0.59
213	0.08	0.62
214	0.12	0.58
215	0.11	0.64
216	0.07	0.63
217	0.09	0.58
218	0.15	0.58
219	0.08	0.56
220	0.11	0.61
221	0.13	0.6
222	0.1	0.61
223	0.08	0.59
224	0.11	0.61
225	0.09	0.58
226	0.12	0.64
227	0.09	0.6
228	0.08	0.59
229	0.09	0.61
230	0.08	0.6
231	0.1	0.61
232	0.11	0.6
233	0.14	0.58
234	0.12	0.61
235	0.09	0.59
236	0.11	0.61
237	0.07	0.59
238	0.09	0.66
239	0.08	0.58
240	0.13	0.63
241	0.14	0.61
242	0.09	0.64
243	0.08	0.63
244	0.1	0.62
245	0.1	0.59
246	0.09	0.61
247	0.1	0.57
248	0.08	0.59
249	0.08	0.61
250	0.14	0.59
251	0.07	0.63
252	0.1	0.61
253	0.1	0.56
254	0.11	0.65
255	0.08	0.64
256	0.1	0.64
257	0.08	0.58
258	0.16	0.64
259	0.09	0.65
260	0.09	0.59
261	0.1	0.55
262	0.09	0.62
263	0.13	0.61
264	0.1	0.61
265	0.09	0.6
266	0.11	0.55
267	0.07	0.59
268	0.06	0.62
269	0.12	0.61
270	0.14	0.58
271	0.11	0.59
272	0.12	0.61
273	0.13	0.61
274	0.11	0.58
275	0.13	0.53
276	0.12	0.6
277	0.11	0.58
278	0.1	0.64
279	0.11	0.63
280	0.09	0.58
281	0.11	0.62
282	0.09	0.61
283	0.12	0.65
284	0.07	0.66
285	0.09	0.61
286	0.11	0.61
287	0.11	0.63
288	0.12	0.62
289	0.11	0.61
290	0.13	0.65
291	0.12	0.62
292	0.13	0.6
293	0.08	0.58
294	0.11	0.62
295	0.1	0.56
296	0.06	0.65
297	0.1	0.62
298	0.1	0.62
299	0.08	0.59
300	0.13	0.6
301	0.09	0.6
302	0.1	0.59
303	0.12	0.61
304	0.1	0.61
305	0.11	0.59
306	0.12	0.58
307	0.1	0.62
308	0.12	0.62
309	0.13	0.61
310	0.05	0.62
311	0.07	0.62
312	0.1	0.61
313	0.11	0.57
314	0.11	0.59
315	0.12	0.63
316	0.09	0.63
317	0.07	0.62
318	0.07	0.61
319	0.13	0.59
320	0.15	0.59
321	0.09	0.55
322	0.11	0.57
323	0.1	0.61
324	0.05	0.62
325	0.1	0.61
326	0.1	0.61
327	0.1	0.59
328	0.13	0.62
329	0.13	0.62
330	0.06	0.61
331	0.07	0.57
332	0.08	0.6
333	0.09	0.58
334	0.13	0.6
335	0.08	0.59
336	0.09	0.65
337	0.12	0.65
338	0.1	0.58
339	0.11	0.6
340	0.16	0.56
341	0.1	0.57
342	0.09	0.62
343	0.13	0.59
344	0.1	0.58
345	0.08	0.58
346	0.09	0.64
347	0.07	0.56
348	0.1	0.64
349	0.09	0.59
350	0.13	0.59
351	0.07	0.61
352	0.15	0.61
353	0.11	0.58
354	0.1	0.59
355	0.14	0.62
356	0.15	0.63
357	0.11	0.64
358	0.1	0.58
359	0.1	0.62
360	0.08	0.62
361	0.09	0.59
362	0.11	0.6
363	0.1	0.6
364	0.13	0.63
365	0.11	0.6
366	0.09	0.62
367	0.15	0.63
368	0.11	0.62
369	0.12	0.69
370	0.13	0.63
371	0.09	0.57
372	0.12	0.6
373	0.1	0.56
374	0.09	0.63
375	0.09	0.62
376	0.09	0.58
377	0.1	0.59
378	0.09	0.65
379	0.09	0.58
380	0.12	0.61
381	0.08	0.64
382	0.13	0.6
383	0.1	0.63
384	0.06	0.58
385	0.1	0.58
386	0.08	0.59
387	0.11	0.61
388	0.08	0.55
389	0.11	0.62
390	0.08	0.64
391	0.16	0.62
392	0.1	0.61
393	0.12	0.62
394	0.08	0.58
395	0.11	0.62
396	0.11	0.62
397	0.12	0.61
398	0.11	0.55
399	0.09	0.61
400	0.14	0.61
401	0.09	0.64
402	0.1	0.62
403	0.08	0.62
404	0.13	0.64
405	0.1	0.6
406	0.1	0.61
407	0.12	0.6
408	0.13	0.6
409	0.1	0.63
410	0.09	0.61
411	0.06	0.56
412	0.1	0.64
413	0.1	0.6
414	0.11	0.6
415	0.11	0.62
416	0.06	0.67
417	0.12	0.62
418	0.1	0.65
419	0.1	0.58
420	0.06	0.61
421	0.11	0.63
422	0.11	0.62
423	0.06	0.63
424	0.09	0.59
425	0.12	0.59
426	0.08	0.62
427	0.09	0.58
428	0.1	0.6
429	0.1	0.6
430	0.08	0.64
431	0.07	0.61
432	0.06	0.6
433	0.13	0.61
434	0.1	0.62
435	0.15	0.64
436	0.13	0.59
437	0.13	0.66
438	0.1	0.63
439	0.08	0.63
440	0.1	0.59
441	0.1	0.58
442	0.09	0.63
443	0.13	0.58
444	0.09	0.63
445	0.08	0.66
446	0.08	0.59
447	0.08	0.65
448	0.1	0.56
449	0.1	0.6
450	0.1	0.62
451	0.11	0.61
452	0.12	0.62
453	0.08	0.63
454	0.12	0.61
455	0.1	0.62
456	0.12	0.65
457	0.1	0.63
458	0.09	0.57
459	0.11	0.63
460	0.11	0.6
461	0.11	0.59
462	0.1	0.6
463	0.13	0.62
464	0.14	0.6
465	0.09	0.65
466	0.1	0.64
467	0.15	0.62
468	0.09	0.6
469	0.09	0.62
470	0.13	0.6
471	0.08	0.61
472	0.07	0.62
473	0.09	0.62
474	0.1	0.62
475	0.08	0.64
476	0.08	0.62
477	0.12	0.62
478	0.11	0.62
479	0.09	0.61
480	0.13	0.54
481	0.11	0.65
482	0.1	0.59
483	0.14	0.6
484	0.09	0.59
485	0.1	0.6
486	0.12	0.61
487	0.09	0.61
488	0.09	0.63
489	0.12	0.6
490	0.14	0.58
491	0.11	0.58
492	0.1	0.58
493	0.08	0.6
494	0.1	0.59
495	0.1	0.6
496	0.11	0.63
497	0.12	0.61
498	0.12	0.6
499	0.1	0.6
500	0.09	0.6
501	0.1	0.62
502	0.07	0.62
503	0.08	0.67
504	0.12	0.57
505	0.11	0.62
506	0.1	0.6
507	0.11	0.66
508	0.11	0.59
509	0.1	0.59
510	0.11	0.63
511	0.11	0.63
512	0.1	0.64
513	0.09	0.58
514	0.1	0.63
515	0.07	0.58
516	0.1	0.59
517	0.12	0.62
518	0.11	0.61
519	0.1	0.63
520	0.1	0.63
521	0.13	0.62
522	0.1	0.65
523	0.11	0.6
524	0.09	0.61
525	0.11	0.63
526	0.11	0.6
527	0.08	0.59
528	0.12	0.62
529	0.1	0.59
530	0.08	0.58
531	0.07	0.59
532	0.11	0.6
533	0.1	0.58
534	0.09	0.62
535	0.12	0.59
536	0.1	0.62
537	0.13	0.6
538	0.09	0.61
539	0.11	0.6
540	0.1	0.6
541	0.11	0.59
542	0.09	0.62
543	0.1	0.59
544	0.09	0.66
545	0.12	0.62
546	0.12	0.63
547	0.09	0.61
548	0.11	0.61
549	0.09	0.61
550	0.1	0.61
551	0.09	0.63
552	0.08	0.63
553	0.09	0.6
554	0.09	0.56
555	0.11	0.63
556	0.09	0.56
557	0.1	0.61
558	0.12	0.61
559	0.09	0.61
560	0.13	0.61
561	0.1	0.67
562	0.13	0.59
563	0.09	0.57
564	0.1	0.58
565	0.11	0.59
566	0.12	0.62
567	0.12	0.59
568	0.07	0.62
569	0.1	0.62
570	0.09	0.61
571	0.1	0.59
572	0.11	0.6
573	0.13	0.6
574	0.06	0.59
575	0.11	0.61
576	0.12	0.6
577	0.11	0.65
578	0.11	0.66
579	0.08	0.59
580	0.07	0.61
581	0.14	0.6
582	0.08	0.64
583	0.11	0.6
584	0.06	0.64
585	0.1	0.56
586	0.12	0.62
587	0.11	0.63
588	0.11	0.64
589	0.1	0.59
590	0.08	0.64
591	0.07	0.59
592	0.12	0.64
593	0.15	0.64
594	0.09	0.62
595	0.08	0.58
596	0.11	0.62
597	0.07	0.61
598	0.12	0.55
599	0.08	0.6
600	0.14	0.61
601	0.09	0.62
602	0.09	0.63
603	0.13	0.68
604	0.1	0.62
605	0.09	0.61
606	0.1	0.58
607	0.09	0.63
608	0.11	0.57
609	0.09	0.6
610	0.13	0.62
611	0.09	0.62
612	0.11	0.61
613	0.08	0.63
614	0.14	0.6
615	0.09	0.57
616	0.11	0.52
617	0.09	0.6
618	0.1	0.6
619	0.12	0.64
620	0.07	0.66
621	0.12	0.63
622	0.12	0.62
623	0.13	0.59
624	0.11	0.61
625	0.11	0.61
626	0.09	0.58
627	0.1	0.6
628	0.12	0.59
629	0.11	0.62
630	0.1	0.62
631	0.09	0.59
632	0.09	0.62
633	0.13	0.61
634	0.13	0.61
635	0.11	0.65
636	0.09	0.66
637	0.1	0.6
638	0.08	0.64
639	0.1	0.59
640	0.11	0.62
641	0.08	0.65
642	0.11	0.64
643	0.12	0.66
644	0.1	0.64
645	0.1	0.66
646	0.1	0.62
647	0.12	0.55
648	0.13	0.58
649	0.12	0.59
650	0.09	0.62
651	0.1	0.64
652	0.1	0.59
653	0.13	0.61
654	0.09	0.61
655	0.11	0.62
656	0.12	0.61
657	0.08	0.59
658	0.12	0.57
659	0.09	0.65
660	0.1	0.56
661	0.1	0.63
662	0.1	0.6
663	0.1	0.64
664	0.09	0.62
665	0.1	0.6
666	0.07	0.63
667	0.13	0.62
668	0.12	0.62
669	0.11	0.62
670	0.12	0.6
671	0.1	0.64
672	0.07	0.58
673	0.12	0.6
674	0.12	0.6
675	0.12	0.59
676	0.13	0.67
677	0.11	0.62
678	0.15	0.58
679	0.13	0.6
680	0.1	0.59
681	0.1	0.59
682	0.1	0.62
683	0.12	0.59
684	0.11	0.61
685	0.09	0.59
686	0.11	0.64
687	0.12	0.63
688	0.1	0.61
689	0.07	0.64
690	0.11	0.61
691	0.11	0.64
692	0.08	0.59
693	0.11	0.66
694	0.12	0.61
695	0.14	0.61
696	0.11	0.65
697	0.07	0.63
698	0.1	0.62
699	0.11	0.53
700	0.07	0.6
701	0.12	0.6
702	0.07	0.62
703	0.11	0.63
704	0.09	0.61
705	0.16	0.59
706	0.11	0.62
707	0.12	0.58
708	0.09	0.64
709	0.11	0.59
710	0.07	0.6
711	0.13	0.61
712	0.13	0.56
713	0.09	0.63
714	0.13	0.62
715	0.07	0.63
716	0.09	0.63
717	0.08	0.58
718	0.09	0.58
719	0.13	0.63
720	0.13	0.61
721	0.12	0.59
722	0.12	0.61
723	0.09	0.59
724	0.14	0.61
725	0.1	0.53
726	0.09	0.57
727	0.09	0.62
728	0.09	0.64
729	0.1	0.61
730	0.11	0.59
731	0.12	0.62
732	0.06	0.58
733	0.13	0.59
734	0.1	0.61
735	0.14	0.6
736	0.11	0.58
737	0.11	0.62
738	0.08	0.63
739	0.14	0.62
740	0.11	0.59
741	0.1	0.58
742	0.09	0.64
743	0.1	0.62
744	0.09	0.61
745	0.09	0.6
746	0.11	0.62
747	0.12	0.58
748	0.11	0.61
749	0.12	0.57
750	0.12	0.6
751	0.08	0.57
752	0.09	0.59
753	0.12	0.64
754	0.12	0.59
755	0.11	0.6
756	0.1	0.62
757	0.11	0.56
758	0.11	0.62
759	0.1	0.63
760	0.09	0.6
761	0.11	0.59
762	0.13	0.63
763	0.11	0.64
764	0.11	0.62
765	0.09	0.6
766	0.14	0.6
767	0.1	0.57
768	0.13	0.6
769	0.1	0.56
770	0.09	0.65
771	0.1	0.64
772	0.12	0.62
773	0.1	0.64
774	0.1	0.63
775	0.1	0.59
776	0.09	0.61
777	0.12	0.59
778	0.11	0.6
779	0.09	0.6
780	0.13	0.64
781	0.11	0.6
782	0.09	0.61
783	0.1	0.61
784	0.08	0.62
785	0.07	0.58
786	0.12	0.58
787	0.1	0.61
788	0.1	0.62
789	0.07	0.6
790	0.09	0.58
791	0.1	0.59
792	0.14	0.62
793	0.12	0.58
794	0.1	0.59
795	0.12	0.65
796	0.11	0.65
797	0.11	0.6
798	0.11	0.61
799	0.09	0.58
800	0.13	0.61
801	0.11	0.62
802	0.11	0.62
803	0.1	0.62
804	0.09	0.59
805	0.07	0.59
806	0.12	0.58
807	0.15	0.58
808	0.12	0.64
809	0.13	0.62
810	0.1	0.58
811	0.1	0.63
812	0.13	0.6
813	0.09	0.58
814	0.1	0.61
815	0.1	0.58
816	0.11	0.6
817	0.1	0.63
818	0.09	0.65
819	0.11	0.63
820	0.13	0.58
821	0.12	0.66
822	0.11	0.6
823	0.09	0.61
824	0.14	0.65
825	0.13	0.69
826	0.08	0.6
827	0.1	0.59
828	0.1	0.63
829	0.1	0.6
830	0.07	0.6
831	0.1	0.65
832	0.08	0.55
833	0.12	0.58
834	0.09	0.62
835	0.12	0.59
836	0.1	0.61
837	0.12	0.59
838	0.08	0.57
839	0.1	0.59
840	0.11	0.62
841	0.14	0.64
842	0.11	0.61
843	0.07	0.54
844	0.13	0.62
845	0.12	0.62
846	0.06	0.63
847	0.12	0.63
848	0.11	0.56
849	0.11	0.62
850	0.13	0.62
851	0.12	0.63
852	0.1	0.59
853	0.11	0.62
854	0.15	0.63
855	0.09	0.64
856	0.1	0.6
857	0.13	0.64
858	0.12	0.58
859	0.09	0.62
860	0.09	0.61
861	0.09	0.61
862	0.11	0.59
863	0.09	0.6
864	0.11	0.6
865	0.1	0.6
866	0.1	0.65
867	0.08	0.59
868	0.09	0.66
869	0.11	0.63
870	0.11	0.62
871	0.1	0.65
872	0.09	0.64
873	0.1	0.62
874	0.1	0.63
875	0.1	0.61
876	0.14	0.58
877	0.13	0.64
878	0.09	0.62
879	0.1	0.65
880	0.14	0.63
881	0.13	0.59
882	0.12	0.6
883	0.11	0.55
884	0.12	0.65
885	0.1	0.61
886	0.11	0.6
887	0.14	0.67
888	0.15	0.6
889	0.11	0.59
890	0.08	0.6
891	0.1	0.6
892	0.12	0.58
893	0.12	0.61
894	0.08	0.61
895	0.13	0.57
896	0.12	0.64
897	0.11	0.62
898	0.09	0.57
899	0.1	0.67
900	0.09	0.64
901	0.14	0.61
902	0.1	0.57
903	0.09	0.59
904	0.08	0.66
905	0.1	0.56
906	0.08	0.61
907	0.09	0.56
908	0.09	0.55
909	0.12	0.62
910	0.1	0.6
911	0.12	0.63
912	0.11	0.6
913	0.1	0.59
914	0.13	0.62
915	0.08	0.6
916	0.12	0.61
917	0.09	0.6
918	0.09	0.63
919	0.12	0.61
920	0.1	0.62
921	0.11	0.62
922	0.08	0.57
923	0.14	0.65
924	0.08	0.55
925	0.15	0.59
926	0.12	0.65
927	0.15	0.62
928	0.08	0.65
929	0.14	0.59
930	0.13	0.64
931	0.08	0.6
932	0.12	0.61
933	0.13	0.58
934	0.1	0.59
935	0.08	0.54
936	0.07	0.58
937	0.1	0.6
938	0.1	0.64
939	0.08	0.57
940	0.11	0.65
941	0.09	0.58
942	0.12	0.6
943	0.11	0.59
944	0.12	0.62
945	0.14	0.63
946	0.09	0.62
947	0.1	0.56
948	0.1	0.57
949	0.11	0.6
950	0.1	0.62
951	0.11	0.61
952	0.09	0.58
953	0.1	0.6
954	0.1	0.58
955	0.13	0.61
956	0.14	0.56
957	0.12	0.59
958	0.08	0.59
959	0.08	0.66
960	0.09	0.66
961	0.08	0.59
962	0.11	0.64
963	0.11	0.57
964	0.13	0.55
965	0.09	0.64
966	0.1	0.66
967	0.12	0.62
968	0.1	0.58
969	0.11	0.53
970	0.13	0.57
971	0.08	0.61
972	0.11	0.61
973	0.14	0.59
974	0.13	0.61
975	0.09	0.6
976	0.12	0.6
977	0.11	0.61
978	0.12	0.63
979	0.09	0.64
980	0.11	0.58
981	0.1	0.56
982	0.1	0.56
983	0.1	0.59
984	0.1	0.62
985	0.1	0.6
986	0.12	0.63
987	0.13	0.55
988	0.09	0.67
989	0.07	0.57
990	0.1	0.66
991	0.12	0.62
992	0.1	0.56
993	0.11	0.58
994	0.11	0.61
995	0.09	0.63
996	0.09	0.61
997	0.11	0.63
998	0.11	0.56
999	0.11	0.61
