MTry	OverlapUnsupRfPlink	OverlapSupRfPlink
1	0.22	0.82
2	0.16	0.82
3	0.04	0.78
4	0.0	0.8
5	0.0	0.74
6	0.02	0.78
7	0.0	0.86
8	0.0	0.8
9	0.02	0.88
10	0.06	0.9
11	0.02	0.86
12	0.02	0.84
13	0.02	0.9
14	0.1	0.86
15	0.04	0.92
16	0.18	0.92
17	0.02	0.92
18	0.0	0.94
19	0.0	0.9
20	0.12	0.9
21	0.02	0.9
22	0.02	0.96
23	0.02	0.94
24	0.0	0.9
25	0.06	0.92
26	0.02	0.92
27	0.08	0.92
28	0.12	0.88
29	0.02	0.92
30	0.02	0.88
31	0.1	0.94
32	0.2	0.94
33	0.08	0.92
34	0.14	0.92
35	0.06	0.94
36	0.04	0.86
37	0.1	0.9
38	0.0	0.94
39	0.08	0.94
40	0.06	0.94
41	0.14	0.9
42	0.08	0.98
43	0.1	0.92
44	0.08	0.96
45	0.06	0.94
46	0.12	0.98
47	0.18	0.98
48	0.08	0.98
49	0.08	1.0
50	0.04	0.98
51	0.08	0.96
52	0.04	1.0
53	0.16	0.96
54	0.08	0.98
55	0.1	0.96
56	0.08	0.96
57	0.08	0.98
58	0.02	1.0
59	0.1	1.0
60	0.14	0.98
61	0.04	1.0
62	0.04	0.98
63	0.08	1.0
64	0.14	0.96
65	0.04	1.0
66	0.16	1.0
67	0.08	1.0
68	0.12	0.98
69	0.14	0.98
70	0.16	1.0
71	0.2	1.0
72	0.08	0.98
73	0.06	1.0
74	0.1	1.0
75	0.08	0.98
76	0.16	1.0
77	0.2	1.0
78	0.1	0.98
79	0.18	1.0
80	0.1	1.0
81	0.28	1.0
82	0.14	1.0
83	0.16	1.0
84	0.12	1.0
85	0.06	1.0
86	0.1	1.0
87	0.14	1.0
88	0.08	1.0
89	0.14	1.0
90	0.16	1.0
91	0.22	1.0
92	0.14	1.0
93	0.18	1.0
94	0.16	1.0
95	0.18	1.0
96	0.1	1.0
97	0.08	1.0
98	0.2	1.0
99	0.02	1.0
100	0.26	1.0
101	0.2	1.0
102	0.22	1.0
103	0.18	1.0
104	0.2	1.0
105	0.16	1.0
106	0.18	1.0
107	0.18	1.0
108	0.16	1.0
109	0.2	1.0
110	0.2	1.0
111	0.22	1.0
112	0.08	1.0
113	0.16	1.0
114	0.2	1.0
115	0.08	1.0
116	0.14	1.0
117	0.3	1.0
118	0.14	1.0
119	0.16	1.0
120	0.18	1.0
121	0.18	1.0
122	0.12	1.0
123	0.22	1.0
124	0.2	1.0
125	0.22	1.0
126	0.16	1.0
127	0.18	1.0
128	0.14	1.0
129	0.2	1.0
130	0.18	1.0
131	0.2	1.0
132	0.1	1.0
133	0.12	1.0
134	0.2	1.0
135	0.16	1.0
136	0.14	1.0
137	0.22	1.0
138	0.18	1.0
139	0.16	1.0
140	0.16	1.0
141	0.1	1.0
142	0.22	1.0
143	0.12	1.0
144	0.14	1.0
145	0.14	1.0
146	0.24	1.0
147	0.22	1.0
148	0.18	1.0
149	0.2	1.0
150	0.12	1.0
151	0.3	1.0
152	0.2	1.0
153	0.18	1.0
154	0.24	1.0
155	0.2	1.0
156	0.2	1.0
157	0.22	1.0
158	0.16	1.0
159	0.12	1.0
160	0.18	1.0
161	0.24	1.0
162	0.2	1.0
163	0.12	1.0
164	0.24	1.0
165	0.26	1.0
166	0.24	1.0
167	0.14	1.0
168	0.16	1.0
169	0.16	1.0
170	0.18	1.0
171	0.16	1.0
172	0.1	1.0
173	0.1	1.0
174	0.16	1.0
175	0.2	1.0
176	0.24	1.0
177	0.16	1.0
178	0.14	1.0
179	0.2	1.0
180	0.16	1.0
181	0.16	1.0
182	0.26	1.0
183	0.22	1.0
184	0.24	1.0
185	0.24	1.0
186	0.16	1.0
187	0.12	1.0
188	0.18	1.0
189	0.18	1.0
190	0.2	1.0
191	0.2	1.0
192	0.16	1.0
193	0.32	1.0
194	0.18	1.0
195	0.18	1.0
196	0.1	1.0
197	0.2	1.0
198	0.14	1.0
199	0.1	1.0
200	0.18	1.0
201	0.18	1.0
202	0.1	1.0
203	0.2	1.0
204	0.24	1.0
205	0.14	1.0
206	0.2	1.0
207	0.18	1.0
208	0.22	1.0
209	0.18	1.0
210	0.24	1.0
211	0.2	1.0
212	0.2	1.0
213	0.14	1.0
214	0.16	1.0
215	0.22	1.0
216	0.2	1.0
217	0.2	1.0
218	0.24	1.0
219	0.2	1.0
220	0.22	1.0
221	0.24	1.0
222	0.22	1.0
223	0.16	1.0
224	0.18	1.0
225	0.28	1.0
226	0.18	1.0
227	0.18	1.0
228	0.2	1.0
229	0.18	1.0
230	0.22	1.0
231	0.16	1.0
232	0.22	1.0
233	0.22	1.0
234	0.2	1.0
235	0.14	1.0
236	0.28	1.0
237	0.18	1.0
238	0.18	1.0
239	0.22	1.0
240	0.2	1.0
241	0.18	1.0
242	0.28	1.0
243	0.1	1.0
244	0.26	1.0
245	0.2	1.0
246	0.2	1.0
247	0.24	1.0
248	0.2	1.0
249	0.16	1.0
250	0.2	1.0
251	0.18	1.0
252	0.3	1.0
253	0.22	1.0
254	0.24	1.0
255	0.2	1.0
256	0.18	1.0
257	0.2	1.0
258	0.24	1.0
259	0.24	1.0
260	0.16	1.0
261	0.22	1.0
262	0.26	1.0
263	0.18	1.0
264	0.2	1.0
265	0.16	1.0
266	0.2	1.0
267	0.2	1.0
268	0.18	1.0
269	0.26	1.0
270	0.24	1.0
271	0.18	1.0
272	0.14	1.0
273	0.16	1.0
274	0.2	1.0
275	0.26	1.0
276	0.16	1.0
277	0.18	1.0
278	0.26	1.0
279	0.2	1.0
280	0.24	1.0
281	0.3	1.0
282	0.2	1.0
283	0.2	1.0
284	0.3	1.0
285	0.2	1.0
286	0.18	1.0
287	0.22	1.0
288	0.24	1.0
289	0.24	1.0
290	0.26	1.0
291	0.16	1.0
292	0.14	1.0
293	0.2	1.0
294	0.26	1.0
295	0.3	1.0
296	0.1	1.0
297	0.22	1.0
298	0.24	1.0
299	0.22	1.0
300	0.26	1.0
301	0.2	1.0
302	0.3	1.0
303	0.24	1.0
304	0.24	1.0
305	0.22	1.0
306	0.2	1.0
307	0.24	1.0
308	0.24	1.0
309	0.2	1.0
310	0.16	1.0
311	0.2	1.0
312	0.2	1.0
313	0.2	1.0
314	0.28	1.0
315	0.24	1.0
316	0.28	1.0
317	0.32	1.0
318	0.24	1.0
319	0.24	1.0
320	0.16	1.0
321	0.18	1.0
322	0.26	1.0
323	0.2	1.0
324	0.24	1.0
325	0.22	1.0
326	0.16	1.0
327	0.18	1.0
328	0.18	1.0
329	0.26	1.0
330	0.26	1.0
331	0.22	1.0
332	0.22	1.0
333	0.22	1.0
334	0.22	1.0
335	0.16	1.0
336	0.18	1.0
337	0.28	1.0
338	0.2	1.0
339	0.18	1.0
340	0.28	1.0
341	0.2	1.0
342	0.24	1.0
343	0.22	1.0
344	0.2	1.0
345	0.14	1.0
346	0.26	1.0
347	0.26	1.0
348	0.16	1.0
349	0.2	1.0
350	0.22	1.0
351	0.16	1.0
352	0.22	1.0
353	0.22	1.0
354	0.22	1.0
355	0.18	1.0
356	0.28	1.0
357	0.26	1.0
358	0.16	1.0
359	0.24	1.0
360	0.22	1.0
361	0.22	1.0
362	0.26	1.0
363	0.24	1.0
364	0.26	1.0
365	0.28	1.0
366	0.22	1.0
367	0.22	1.0
368	0.22	1.0
369	0.28	1.0
370	0.26	1.0
371	0.24	1.0
372	0.22	1.0
373	0.22	1.0
374	0.2	1.0
375	0.24	1.0
376	0.2	1.0
377	0.18	1.0
378	0.28	1.0
379	0.28	1.0
380	0.2	1.0
381	0.22	1.0
382	0.24	1.0
383	0.22	1.0
384	0.26	1.0
385	0.16	1.0
386	0.22	1.0
387	0.24	1.0
388	0.22	1.0
389	0.12	1.0
390	0.22	1.0
391	0.22	1.0
392	0.26	1.0
393	0.22	1.0
394	0.32	1.0
395	0.2	1.0
396	0.28	1.0
397	0.24	1.0
398	0.32	1.0
399	0.2	1.0
400	0.2	1.0
401	0.28	1.0
402	0.18	1.0
403	0.3	1.0
404	0.22	1.0
405	0.26	1.0
406	0.3	1.0
407	0.18	1.0
408	0.26	1.0
409	0.18	1.0
410	0.26	1.0
411	0.2	1.0
412	0.2	1.0
413	0.22	1.0
414	0.24	1.0
415	0.26	1.0
416	0.24	1.0
417	0.24	1.0
418	0.26	1.0
419	0.22	1.0
420	0.28	1.0
421	0.18	1.0
422	0.28	1.0
423	0.24	1.0
424	0.2	1.0
425	0.38	1.0
426	0.28	1.0
427	0.22	1.0
428	0.2	1.0
429	0.2	1.0
430	0.18	1.0
431	0.24	1.0
432	0.28	1.0
433	0.24	1.0
434	0.26	1.0
435	0.3	1.0
436	0.24	1.0
437	0.2	1.0
438	0.24	1.0
439	0.34	1.0
440	0.26	1.0
441	0.22	1.0
442	0.26	1.0
443	0.26	1.0
444	0.22	1.0
445	0.26	1.0
446	0.26	1.0
447	0.24	1.0
448	0.16	1.0
449	0.3	1.0
450	0.26	1.0
451	0.24	1.0
452	0.26	1.0
453	0.22	1.0
454	0.28	1.0
455	0.22	1.0
456	0.24	1.0
457	0.22	1.0
458	0.22	1.0
459	0.2	1.0
460	0.3	1.0
461	0.14	1.0
462	0.26	1.0
463	0.2	1.0
464	0.24	1.0
465	0.18	1.0
466	0.22	1.0
467	0.18	1.0
468	0.28	1.0
469	0.26	1.0
470	0.26	1.0
471	0.26	1.0
472	0.2	1.0
473	0.28	1.0
474	0.28	1.0
475	0.24	1.0
476	0.24	1.0
477	0.32	1.0
478	0.22	1.0
479	0.28	1.0
480	0.26	1.0
481	0.26	1.0
482	0.26	1.0
483	0.3	1.0
484	0.26	1.0
485	0.22	1.0
486	0.26	1.0
487	0.2	1.0
488	0.22	1.0
489	0.22	1.0
490	0.22	1.0
491	0.28	1.0
492	0.26	1.0
493	0.24	1.0
494	0.2	1.0
495	0.24	1.0
496	0.2	1.0
497	0.22	1.0
498	0.24	1.0
499	0.18	1.0
